Senha = 12345
Dinheiro = 500
Level = 0
Skin = 97
Genero = 1
Admin = 0
Interior = 0
VirtualW = 0
VidaHP = 100.00000000
ColeteHP = 0.00000000
PosX = 1715.37133789
PosY = -1884.30200195
PosZ = 13.56763839
PosR = 354.02789306
